12
90
100
43
90
94
93
83
61
53
66
16
93
14
30
62
68
8
68
17
67
2
43
2
53
74
78
6
59
59
22
80
9
81
19
65
18
38
37
89
36
34
78
1
91
27
41
70
60
87
60
17
79
24
50
11
47
98
90
17
16
88
25
3
31
87
8
12
96
66
45
30
71
80
82
33
25
43
12
26
33
9
46
73
99
6
2
85
32
8
19
20
48
21
73
49
9
76
70
5
20
29
75
95
42
31
46
99
43
17
86
5
87
65
84
8
42
52
4
26
85
24
81
88
48
26
82
51
7
33
24
50
73
7
6
4
34
52
31
69
61
3
42
15
23
14
33
84
38
66
8
58
72
45
20
97
49
88
48
17
49
95
93
10
93
37
32
80
59
80
74
91
21
36
65
82
82
66
66
34
93
99
14
41
26
67
78
29
87
10
56
46
4
15
21
66
11
32
23
86
83
54
25
58
92
17
37
36
80
39
16
83
23
15
24
50
82
52
85
26
60
4
93
50
25
29
88
7
16
99
72
50
44
80
52
39
75
56
50
9
31
42
49
49
95
73
24
89
92
71
85
59
48
97
27
79
61
75
34
64
30
31
21
82
67
66
40
43
64
85
75
26
3
76
96
18
56
44
56
52
5
99
15
45
15
13
2
47
54
73
79
100
23
87
80
100
22
68
83
30
33
81
26
7
97
60
57
73
1
9
24
17
20
82
59
32
16
77
67
54
64
93
90
91
7
75
4
17
96
97
97
89
62
26
19
24
74
9
49
56
57
30
47
45
50
62
80
41
28
48
85
45
1
29
66
41
92
35
100
22
56
41
77
5
13
35
56
94
64
36
58
7
29
12
98
34
47
45
42
46
95
63
89
48
12
52
88
34
61
79
33
40
10
27
100
16
53
42
32
15
7
87
78
93
91
78
17
90
32
32
94
47
93
54
27
94
52
29
93
62
48
22
34
85
3
19
98
2
12
82
82
5
13
28
40
9
86
97
58
35
35
99
3
29
86
86
47
56
100
7
65
25
50
71
68
85
53
93
90
72
81
15
78
50
51
89
34
66
15
18
8
55
71
59
27
49
20
6
100
17
73
43
3
6
18
58
56
43
60
55
57
94
8
87
55
20
22
53
78
97
53
81
41
82
100
10
54
91
44
20
66
48
94
73
100
39
13
72
33
94
34
92
6
60
62
14
48
85
5
8
27
67
28
3
65
92
2
21
7
8
5
66
99
41
90
10
1
36
87
17
7
51
21
85
64
61
76
81
21
86
63
69
87
37
94
99
21
91
8
9
37
93
65
26
90
69
94
65
71
53
14
13
99
89
1
76
47
44
40
5
16
21
100
22
46
36
80
62
48
91
89
10
28
79
80
14
86
96
95
96
68
11
11
69
72
51
71
98
37
18
53
78
51
4
93
16
94
44
81
54
90
32
18
80
64
4
85
20
10
87
91
52
49
45
37
6
11
32
51
95
66
82
25
31
39
12
60
25
87
64
21
42
16
41
7
36
94
31
5
68
66
51
89
51
27
2
29
6
67
88
6
62
94
86
89
8
7
87
42
52
45
60
34
46
66
49
37
8
39
2
13
80
27
83
30
15
94
75
4
37
84
54
59
100
58
60
49
30
53
99
29
7
90
54
24
6
18
44
85
79
66
22
68
65
75
27
35
11
57
74
15
32
84
6
69
91
2
35
88
7
100
7
55
41
73
6
90
74
60
24
98
50
91
25
72
63
87
94
25
31
25
38
74
80
85
97
23
85
85
33
5
84
56
78
79
60
67
28
93
70
38
61
52
33
77
65
42
59
34
7
5
8
10
57
82
63
33
76
56
76
84
6
90
28
19
14
95
13
47
13
96
60
2
56
94
65
87
42
4
20
56
65
51
79
29
97
74
99
97
17
27
91
72
17
86
32
72
25
14
63
70
29
13
22
11
45
7
55
64
18
77
92
73
37
20
20
55
11
100
23
41
96
17
31
86
6
89
85
70
62
93
62
28
42
50
27
52
30
69
84
90
19
36
79
41
36
19
35
97
67
78
62
26
92
22
74
13
83
36
6
57
23
86
2
26
15
65
32
87
93
68
26
43
16
33
22
61
38
91
51
88
54
88
3
85
32
37
36
20
76
15
70
94
63
28
68
34
35
54
26
72
87
49
4
100
52
20
10
60
100
14
75
93
86
18
3
35
83
17
94
78
29
12
11
79
98
33
80
89
65
89
26
85
65
79
1
6
84
3
34
13
28
77
21
63
41
78
8
46
25
